0 FILE nxt-printer.ldr
0 nxt-printer
0 Name: 
0 Author: LEGO Digital Designer 4.3
1 151 389.997192 22.576544 -640.030334 0 -0.000125 -1 -0.999996 -0.002861 0 -0.002861 0.999996 -0.000125 53787.dat
1 0 569.999634 64.789047 -679.262329 0 0 1 -0.999996 0.00286 0 -0.00286 -0.999996 0 32184.dat
1 1 529.499695 52.848053 -699.926636 0 -1 0 0.999996 0 -0.002861 0.002861 0 0.999996 43093.dat
1 1 569.499695 52.848076 -699.921631 0 -1 0 0.999996 0 -0.002861 0.002861 0 0.999996 43093.dat
1 1 529.499634 52.633572 -659.927002 0 -1 0 0.999996 0 -0.002861 0.002861 0 0.999996 43093.dat
1 1 569.499573 52.633595 -659.921997 0 -1 0 0.999996 0 -0.002861 0.002861 0 0.999996 43093.dat
1 0 529.999634 62.789005 -679.273132 0 0 1 -0.999996 0.00286 0 -0.00286 -0.999996 0 32184.dat
0 STEP
1 151 390.002319 22.905378 -720.029846 0 0.000125 -1 0.999996 0.00286 0 0.00286 -0.999996 -0.000125 53787.dat
1 0 579.999573 64.787926 -679.38739 -1 0 0 0 -0.005739 0.999984 0 0.999984 0.005739 2780.dat
1 0 519.999695 62.789364 -679.398132 -1 0 0 0 -0.00286 0.999996 0 0.999996 0.00286 2780.dat
0 STEP
1 72 589.999634 64.290825 -679.891663 0 -1 0 0.999963 0 -0.008617 0.008617 0 0.999963 32523.dat
1 72 509.999695 62.290806 -679.899597 0 -1 0 0.999996 0 -0.00286 0.00286 0 0.999996 32523.dat
1 0 499.999664 62.849438 -700.398132 -1 0 0 0 0.002864 -0.999996 0 -0.999996 -0.002864 2780.dat
1 0 499.999573 62.740337 -660.398315 -1 0 0 0 0.013508 -0.999909 0 -0.999909 -0.013508 2780.dat
1 0 599.999634 64.965744 -700.386658 1 0 0 0 0.005215 0.999986 0 -0.999986 0.005215 2780.dat
1 0 599.999634 64.625671 -660.388062 1 0 0 0 0.01442 0.999896 0 -0.999896 0.01442 2780.dat
0 STEP
1 151 609.999634 64.283623 -599.886963 0 1 0 -0.999903 0 -0.013913 -0.013913 0 0.999903 32524.dat
1 151 609.999573 64.747841 -759.888367 0 1 0 -0.999929 0 0.011921 0.011921 0 0.999929 32524.dat
1 151 489.99939 62.061947 -599.899963 0 -1 0 0.999996 0 -0.002861 0.002861 0 0.999996 32524.dat
1 151 489.999725 62.519646 -759.899353 0 -1 0 0.999996 0 -0.002861 0.002861 0 0.999996 32524.dat
1 0 479.999542 62.176357 -639.899902 -1 0 0 0 -0.999996 -0.002861 0 -0.002861 0.999996 2780.dat
1 0 479.999481 62.119144 -619.899963 -1 0 0 0 -0.999996 -0.002861 0 -0.002861 0.999996 2780.dat
1 0 479.999786 62.462425 -739.899475 -1 0 0 0 -0.999996 -0.002859 0 -0.002859 0.999996 2780.dat
1 0 479.999725 62.405212 -719.899536 -1 0 0 0 -0.999996 -0.002862 0 -0.002862 0.999996 2780.dat
0 STEP
1 151 469.999847 62.290787 -679.899719 0 0.999996 0.002861 0.999996 0 0.002861 0.002861 0.002861 -0.999992 40490.dat
1 0 480.000031 63.132656 -799.397705 1 0 0 0 -0.00286 -0.999996 0 0.999996 -0.00286 2780.dat
1 0 479.999451 62.446075 -559.398682 1 0 0 0 -0.002913 -0.999996 0 0.999996 -0.002913 2780.dat
1 0 619.99939 64.271004 -799.884033 -1 0 0 0 0.99996 -0.008932 0 -0.008932 -0.99996 2780.dat
1 0 619.999573 63.726913 -559.912903 -1 0 0 0 0.99954 -0.030318 0 -0.030318 -0.99954 2780.dat
0 STEP
1 71 529.374756 -17.208857 -680.126892 1 0 0 0 0.00286 0.999996 0 -0.999996 0.00286 48989.dat
1 71 569.374756 -17.208843 -680.121887 1 0 0 0 0.00286 0.999996 0 -0.999996 0.00286 48989.dat
1 71 549.374756 -17.208855 -680.124451 1 0 0 0 0.00286 0.999996 0 -0.999996 0.00286 48989.dat
0 STEP
1 72 569.499695 -37.26593 -680.207703 1 0 0 0 1 0 0 0 1 32523.dat
1 151 530.499878 -37.208782 -680.184143 -1 0 0 0 0.999996 0.00286 0 0.00286 -0.999996 32524.dat
1 71 509.999756 -16.583855 -680.124939 0 0 1 -0.999996 0.00286 0 -0.00286 -0.999996 0 48989.dat
1 151 550.499939 -37.20879 -680.181641 -1 0 0 0 0.999996 0.00286 0 0.00286 -0.999996 32524.dat
0 STEP
1 151 489.99939 -17.937729 -600.12854 0 -1 0 0.999996 0 -0.002861 0.002861 0 0.999996 32524.dat
1 0 479.999634 -17.823324 -640.12854 -1 0 0 0 -0.999996 -0.002863 0 -0.002863 0.999996 2780.dat
1 0 479.999878 -17.537268 -740.128113 -1 0 0 0 -0.999996 -0.002862 0 -0.002862 0.999996 2780.dat
1 151 489.999817 -17.48003 -760.12793 0 -1 0 0.999996 0 -0.002861 0.002861 0 0.999996 32524.dat
1 0 480.000122 -16.866936 -799.626282 1 0 0 0 -0.00269 -0.999996 0 0.999996 -0.00269 2780.dat
1 0 479.999481 -17.553604 -559.627319 1 0 0 0 -0.002913 -0.999996 0 0.999996 -0.002913 2780.dat
1 0 479.999817 -17.594481 -720.128174 -1 0 0 0 -0.999996 -0.002862 0 -0.002862 0.999996 2780.dat
1 0 479.999603 -17.880537 -620.128601 -1 0 0 0 -0.999996 -0.002863 0 -0.002863 0.999996 2780.dat
0 STEP
1 151 469.999878 -17.708906 -680.128357 0 0.999996 0.00286 0.999996 0 0.002861 0.002861 0.00286 -0.999992 40490.dat
1 71 470.000122 23.135653 -800.512024 0 -1 0 -0.002858 0 -0.999996 0.999996 0 -0.002858 32316.dat
1 71 469.999451 22.449089 -560.513062 0 -1 0 -0.002858 0 -0.999996 0.999996 0 -0.002858 32316.dat
0 STEP
1 71 589.999695 -16.583797 -680.120117 0 0 1 -0.999996 0.00286 0 -0.00286 -0.999996 0 48989.dat
1 0 599.997253 2.583824 -640.563904 1 0 0 0 0.01442 0.999896 0 -0.999896 0.01442 2780.dat
1 0 600.002319 2.912688 -720.563293 1 0 0 0 0.01442 0.999896 0 -0.999896 0.01442 2780.dat
0 STEP
1 1 0.002319 -0.594517 -0.063354 1 0 0 0 1 0 0 0 1 leverage_platform.ldr
0 STEP
1 0 619.999756 -16.227327 -800.617493 1 0 0 0 0.002613 0.999997 0 -0.999997 0.002613 2780.dat
1 151 609.999695 -16.097843 -760.114624 0 1 0 -0.999958 0 -0.00923 -0.00923 0 0.999958 32524.dat
1 151 609.99939 -16.472504 -600.125061 0 1 0 -0.999988 0 0.004892 0.004892 0 0.999988 32524.dat
1 0 619.999573 -16.570311 -620.122192 1 0 0 0 1 0 0 0 1 2780.dat
1 0 619.999573 -16.5637 -640.122192 1 0 0 0 1 0 0 0 1 2780.dat
1 0 619.999695 -16.537241 -720.122192 1 0 0 0 1 0 0 0 1 2780.dat
1 0 619.999695 -16.530632 -740.122192 1 0 0 0 1 0 0 0 1 2780.dat
1 0 619.999695 -16.765339 -560.623474 1 0 0 0 0.01442 0.999896 0 -0.999896 0.01442 2780.dat
0 STEP
1 71 629.99939 23.772682 -800.498474 0 -1 0 -0.002974 0 -0.999996 0.999996 0 -0.002974 32316.dat
1 151 629.999695 -16.550465 -680.122253 0 -1 -0.000331 -1 0 0.000331 -0.000331 0.000331 -1 40490.dat
1 71 629.999695 23.228689 -560.51062 0 -1 0 -0.002822 0 -0.999996 0.999996 0 -0.002822 32316.dat
0 STEP
1 1 460.000092 23.634228 -800.010803 -1 0 0 0 0.999996 0.002916 0 0.002916 -0.999996 43093.dat
1 1 639.99939 24.271206 -799.997131 1 0 0 0 1 0 0 0 1 43093.dat
0 STEP
1 0 449.500122 23.134245 -800.012085 0 -0.002916 0.999996 -0.002916 -0.999991 -0.002916 0.999996 -0.002916 0 32039.dat
1 0 650.49939 23.771208 -799.998596 0 0.002916 -0.999996 0.002916 -0.999991 -0.002916 -0.999996 -0.002916 0 32039.dat
0 STEP
1 1 430.000122 23.663383 -810.010803 0 0 -1 -0.002916 0.999996 0 0.999996 0.002916 0 43093.dat
1 1 669.99939 24.300354 -809.99707 0 0 -1 -0.002916 0.999996 0 0.999996 0.002916 0 43093.dat
0 STEP
1 151 549.998474 24.011026 -819.999146 0.002657 0 -0.999997 -0.999992 -0.002914 -0.002657 -0.002914 0.999996 0 41239.dat
1 1 470.000031 23.826931 -829.998901 0 0 1 0.002871 0.999996 0 -0.999996 0.002871 0 43093.dat
0 STEP
1 1 639.999695 23.727301 -560.009277 1 0 0 0 1 0 0 0 1 43093.dat
1 1 459.99942 22.947529 -560.002258 -1 0 0 0 0.999763 0.021748 0 0.021748 -0.999763 43093.dat
0 STEP
1 0 650.499695 23.227297 -560.010681 0 0.002825 -0.999996 0.002825 -0.999992 -0.002825 -0.999996 -0.002825 0 32039.dat
1 0 449.499451 22.447666 -560.013062 0 0 1 -0.021751 -0.999763 0 0.999763 -0.021751 0 32039.dat
0 STEP
1 1 669.999756 23.699165 -550.009277 0 0 1 0.00282 0.999996 0 -0.999996 0.00282 0 43093.dat
1 1 429.999481 22.72994 -550.0047 0 0 1 0.021753 0.999763 0 -0.999763 0.021753 0 43093.dat
0 STEP
1 151 549.995239 23.133717 -539.99353 0.005179 0 -0.999987 -0.99975 -0.021753 -0.005178 -0.021753 0.999763 -0.000113 41239.dat
1 1 469.998932 22.502165 -530.004822 0 0 -1 -0.021743 0.999764 0 0.999764 0.021743 0 43093.dat
0 STEP
1 71 389.653137 -23.093473 -720.519287 0 -0.698181 0.715922 -0.999996 0.002046 0.001997 -0.002858 -0.715919 -0.698178 4519.dat
1 0 389.644226 -17.095499 -719.795105 -0.69818 -0.715922 0 0.002046 -0.001995 0.999996 -0.715919 0.698178 0.002858 32270.dat
1 71 390.136383 -21.422035 -640.636658 0 0.278341 0.960482 -0.999996 0.002746 -0.000796 -0.002859 -0.960478 0.27834 4519.dat
1 0 389.516937 -17.423 -640.283752 0.278341 -0.960482 0 0.002746 0.000796 0.999996 -0.960478 -0.27834 0.002859 32270.dat
0 STEP
1 0 429.507202 13.019684 -759.996094 0 -1 0 -1 0 0 0 0 -1 2780.dat
1 0 409.507172 13.019675 -759.998535 0 -1 0 -1 0 0 0 0 -1 2780.dat
0 STEP
1 0 429.492126 12.46199 -599.996948 0 -1 0 -1 0 0 0 0 -1 2780.dat
1 0 409.492157 12.461978 -599.999451 0 -1 0 -1 0 0 0 0 -1 2780.dat
0 STEP
1 72 450.00705 3.019625 -759.491333 0.000182 0 -1 0 -1 0 -1 0 -0.000182 32140.dat
1 72 449.992004 2.462039 -600.506592 0.000181 0 -1 0 1 0 1 0 0.000181 32140.dat
0 STEP
1 0 0 0 0 1 0 0 0 1 0 -0 0 1 left_short_arm.ldr
0 STEP
1 0 390.510284 -16.980083 -780.002319 0.000202 1 -0.000014 -0.00002 0.000014 1 1 -0.000202 0.00002 32498.dat
1 4 390.006775 -30.979696 -799.502441 -0.000028 0.000203 1 1 -0.000017 0.000028 0.000017 1 -0.000203 32062.dat
0 STEP
1 0 0 0 0 1 0 0 0 1 0 -0 0 1 right_arm.ldr
0 STEP
1 0 390.495544 -17.538233 -579.99585 0.000202 1 -0.000014 -0.00002 0.000014 1 1 -0.000202 0.00002 32498.dat
1 4 390.000214 -31.53866 -559.495972 -0.000028 0.000203 1 1 -0.000017 0.000028 0.000017 1 -0.000203 32062.dat
0 STEP
1 151 390.497223 -37.42329 -680.230591 -1 0 0 0 1 0 0 0 -1 32525.dat
0 STEP
1 0 549.499634 -47.380444 -620.153259 0 -1 0 -1 0 0 0 0 -1 2780.dat
1 0 549.497192 -47.423294 -740.230591 0 -1 0 -1 0 0 0 0 -1 2780.dat
1 71 390.002502 -54.169266 -779.747864 1 0.000203 0.000031 0.000031 0 -1 -0.000203 1 0 32123a.dat
1 71 389.997375 -69.423271 -779.73053 -1 0.000203 0.000203 0.000203 0 1 0.000203 1 0 3713.dat
1 0 389.497223 -47.42329 -620.230652 0 -1 0 -1 0 0 0 0 -1 2780.dat
1 71 389.987885 -52.613205 -579.496582 1 0.000203 0.000031 0.000031 0 -1 -0.000203 1 0 32123a.dat
1 0 389.497223 -47.42329 -740.230591 0 -1 0 -1 0 0 0 0 -1 2780.dat
0 STEP
1 151 469.999634 -57.38044 -620.65332 0 0 1 0 -1 0 1 0 0 40490.dat
1 151 469.997253 -57.423233 -740.730591 0 0 1 0 -1 0 1 0 0 40490.dat
0 STEP
1 47 623.093994 22.599831 -761.416321 0 0.000124 1 -0.999996 0.002859 0 -0.002859 -0.999996 0.000124 x933c01.dat
1 47 872.701172 40.868359 -508.812531 -1 0 0 0 -1 0 0 0 1 x933c01.dat
1 47 623.078491 22.882048 -598.585815 0 -0.000125 1 0.999996 -0.002861 0 0.002861 0.999996 0.000125 x933c01.dat
1 47 910.701172 40.86837 -508.812531 -1 0 0 0 -1 0 0 0 1 x933c01.dat
1 47 748.753113 1.491733 -446.913849 -0.999967 -0.00809 0 0.00809 -0.999967 0.000029 0 0.000029 1 x933c01.dat
1 47 948.701172 40.868359 -508.812531 -1 0 0 0 -1 0 0 0 1 x933c01.dat
1 47 667.691345 -33.149494 -679.626343 0 0 -1 0 1 0 1 0 0 x933c01.dat
1 47 873.824097 40.963356 -771.487488 1 0 0 0 -1 0 0 0 -1 x933c01.dat
0 SYNTH BEGIN ELECTRIC_NXT_CABLE 151
0 SYNTH SHOW
0 SYNTH END

0 SYNTH BEGIN PLI_ELECTRIC_NXT_CABLE_20CM 151
0 SYNTH SHOW
0 SYNTH END

0 STEP
1 71 0 0 0 1 0 0 0 1 0 -0 0 1 support.ldr
0 STEP
1 72 470.000061 103.884384 -840.000122 0 0 -1 -1 0 0 0 1 0 32009.dat
0 STEP
0 NOFILE
0 FILE left_short_arm.ldr
0 untitled model
0 Name: left_short_arm.ldr
0 Author: Simon Dollé
1 71 389.996552 -9.423292 -779.730652 0.000011 0.000203 -1 -1 0 -0.000011 0 1 0.000203 44294.dat
1 71 390.009918 23.019924 -779.502075 -1 0.000203 0.000203 0.000203 0 1 0.000203 1 0 3713.dat
1 71 390.009674 38.019936 -779.502014 1 0.000203 0.000031 0.000031 0 -1 -0.000203 1 0 32123a.dat
1 4 359.993958 72.576271 -779.719604 -1 -0.000028 -0.000028 -0.000028 0.000203 1 -0.000028 1 -0.000203 32062.dat
1 0 389.993927 72.576233 -780.229431 -0.000202 -0.000013 1 0.000015 1 0.000013 -1 0.000015 -0.000202 32014.dat
1 0 329.993988 72.573158 -780.218811 0.000101 0.000023 -1 -1 0.0002 -0.000101 0.0002 1 0.000023 32013.dat
1 0 329.493011 62.573219 -780.220947 0 -1 0 -1 0 0 0 0 -1 2780.dat
0 NOFILE
0 FILE right_arm.ldr
0 untitled model
0 Name: right_arm.ldr
0 Author: Simon Dollé
1 4 359.996643 94.466713 -579.485413 -1 -0.000028 -0.000028 -0.000028 0.000203 1 -0.000028 1 -0.000203 32062.dat
1 0 329.996613 94.463593 -579.98468 0.000101 0.000023 -1 -1 0.0002 -0.000101 0.0002 1 0.000023 32013.dat
1 0 389.996155 94.461746 -579.995178 0.000203 1 0.000056 0 -0.000056 1 1 -0.000203 0 32014.dat
1 71 389.987061 14.386803 -579.496643 0.000011 0.000203 -1 -1 0 -0.000011 0 1 0.000203 44294.dat
1 71 389.995239 22.461752 -579.495667 -1 0.000203 0.000203 0.000203 0 1 0.000203 1 0 3713.dat
1 71 389.994995 37.46175 -579.495544 1 0.000203 0.000031 0.000031 0 -1 -0.000203 1 0 32123a.dat
1 71 389.994873 52.461754 -579.495361 -1 0.000203 0.000203 0.000203 0 1 0.000203 1 0 3713.dat
1 0 329.495605 84.463669 -579.986816 0 -1 0 -1 0 0 0 0 -1 2780.dat
0 NOFILE
0 FILE support.ldr
0 untitled model
0 Name: support.ldr
0 Author: Simon Dollé
1 0 510.000122 103.884521 -530.000122 0 0 1 0 1 0 -1 0 0 2780.dat
1 0 530 103.884521 -530.000183 0 0 1 0 1 0 -1 0 0 2780.dat
1 72 470.000061 103.884384 -520.000122 0 0 -1 -1 0 0 0 1 0 32009.dat
0 STEP
1 151 630 103.884247 -540.000183 0 0 1 -1 0 0 0 -1 0 41239.dat
0 STEP
1 1 690.004028 103.884575 -530.000366 0 0.008076 -0.999967 0.000018 0.999967 0.008076 1 -0.000018 0 3749.dat
0 STEP
1 0 690.000061 103.385391 -500.000275 0.999967 0.008097 0 -0.008097 0.999967 0.000027 0 -0.000027 1 32013.dat
1 71 670 102.884232 -560.000244 0 1 0 1 0 0 0 0 -1 55615.dat
0 STEP
1 151 690 103.884247 -680.000183 0 1 0 -1 0 0 0 0 1 41239.dat
1 0 699.999695 103.304436 -499.500336 0.999967 0 -0.008083 -0.008083 0 -0.999967 0 1 0 2780.dat
0 STEP
1 0 680 103.384247 -639.500244 1 0 0 0 0 -1 0 1 0 2780.dat
1 0 680 103.384254 -679.500183 1 0 0 0 0 -1 0 1 0 2780.dat
1 1 710.000305 103.871468 -699.97699 1 -0.000031 0 0.000031 0.998893 -0.04703 0 0.04703 0.998893 6558.dat
1 1 710.000061 103.884087 -739.988525 1 0 0 0 0.999721 -0.023628 0 0.023628 0.999721 6558.dat
0 STEP
1 72 670 23.384262 -680.500427 0 1 0 0 0 1 1 0 0 32526.dat
1 71 710.000183 103.878593 -720.000244 0 1 0 -1 0 -0.000282 -0.000282 0 1 32316.dat
1 72 709.837341 83.224037 -499.500336 0 0.999967 -0.008105 0 -0.008105 -0.999967 -1 0 0 32523.dat
0 STEP
1 0 0 0 0 1 0 0 0 1 0 -0 0 1 6-block.ldr
0 STEP
1 72 690.000122 3.384247 -640.500061 0 1 0 0 0 1 1 0 0 32526.dat
1 151 770 103.884247 -660 0 1 0 -1 0 0 0 0 1 32278.dat
1 0 719.513184 43.144321 -739.49231 0.999968 0 -0.008061 -0.008061 0 -0.999968 0 1 0 2780.dat
1 0 719.35144 23.144398 -739.496216 0.999967 0 -0.00809 -0.00809 0 -0.999967 0 1 0 2780.dat
0 STEP
1 71 750.000061 102.884232 -800 0 0 -1 1 0 0 0 -1 0 55615.dat
1 0 0 0 0 1 0 0 0 1 0 -0 0 1 6-pack-stand.ldr
0 STEP
1 151 749.512085 42.901432 -680.000305 0.999968 -0.00809 0 -0.00809 -0.999967 0 0 0 -1 53787.dat
0 STEP
1 0 739.188843 2.983683 -639.500305 0.999967 0 -0.00809 -0.00809 0 -0.999967 0 1 0 2780.dat
0 STEP
1 151 729.193237 3.564557 -680.000305 -0.00809 0.999967 0 -0.999967 -0.00809 0 0 0 1 32524.dat
0 STEP
1 0 719.678955 63.643497 -500.000336 -0.999967 0.008112 0 0.008112 0.999967 0 0 0 -1 2780.dat
1 71 709.185913 2.726618 -660.000305 0.008097 0 -0.999967 0.999967 0 0.008097 0 -1 0 55615.dat
1 71 690 43.884258 -680.000366 -1 0 0 0 1 0 0 0 -1 60485.dat
1 151 630.000061 103.884247 -820.000061 0 0 1 -1 0 0 0 -1 0 41239.dat
0 STEP
1 151 689.191284 3.550494 -680.000366 0 0 -1 0 1 0 1 0 0 53793.dat
1 0 608.000061 33.384262 -679.500366 0 -1 0 0 0 1 -1 0 0 43857.dat
0 STEP
1 0 719.189514 3.141134 -719.500183 0.999967 0 -0.00809 -0.00809 0 -0.999967 0 1 0 2780.dat
1 0 719.189575 3.145059 -739.500122 0.999967 0 -0.00809 -0.00809 0 -0.999967 0 1 0 2780.dat
0 STEP
1 0 780 103.883347 -700 -1 0.000044 0 0.000044 1 0 0 0 -1 2780.dat
1 0 780 103.883347 -580 -1 0.000044 0 0.000044 1 0 0 0 -1 2780.dat
1 0 779.504272 41.802452 -699.987854 0.999967 -0.008089 -0.000129 -0.00809 -0.999808 -0.017823 0.000015 0.017823 -0.999841 2780.dat
1 0 779.510132 42.515377 -659.994263 0.999967 -0.008089 -0.000129 -0.00809 -0.999808 -0.017823 0.000015 0.017823 -0.999841 2780.dat
1 72 709.675293 63.22406 -740.488403 0 -0.999967 -0.008091 -0.000196 0.008091 -0.999967 1 0 -0.000195 32140.dat
1 1 789.672852 62.60622 -679.857422 -0.999967 0.000508 0.008077 0.008093 0.064826 0.997864 -0.000016 0.997897 -0.064828 6558.dat
1 1 789.349365 22.614201 -679.144958 -0.999967 0.000531 0.008068 0.008086 0.064809 0.997865 0 0.997898 -0.064811 6558.dat
0 STEP
1 1 810.000122 103.413414 -559.501038 1 -0.000059 -0.000056 0.000059 0.064828 0.997896 -0.000056 -0.997896 0.064828 6558.dat
1 1 809.999939 103.414299 -719.501038 1 -0.000059 -0.000055 0.000059 0.064828 0.997896 -0.000055 -0.997896 0.064828 6558.dat
1 71 789.999939 103.882477 -640 0 -1 0 -1 0 0 0 0 -1 40490.dat
0 STEP
1 71 810.000061 103.881302 -640 0 -1 0 -1 0 0 0 0 -1 40490.dat
0 STEP
1 71 0 0 0 1 0 0 0 1 0 -0 0 1 touch-sensor-arm.ldr
0 STEP
1 72 809.510132 42.419281 -679.140259 0 0.999967 -0.008083 0.000178 -0.008083 -0.999967 -1 0 -0.000178 32523.dat
0 STEP
1 72 830.000122 23.380116 -679.5 0 -1 0 0 0 1 -1 0 0 32526.dat
1 72 830.000122 23.37924 -600.5 0 1 0 0 0 1 1 0 0 32526.dat
0 STEP
1 0 840.000061 23.879238 -680 -1 0.000044 0 0.000044 1 0 0 0 -1 2780.dat
1 0 840.000061 63.879234 -680 -1 0.000044 0 0.000044 1 0 0 0 -1 2780.dat
1 0 840.000061 23.87924 -600 -1 0.000044 0 0.000044 1 0 0 0 -1 2780.dat
1 0 840.000061 63.879238 -600 -1 0.000044 0 0.000044 1 0 0 0 -1 2780.dat
0 STEP
1 151 930.000122 113.378357 -640 1 0 0 0 1 0 0 0 1 53788.dat
0 STEP
0 STEP
0 NOFILE
0 FILE arms.ldr
0 untitled model
0 Name: arms.ldr
0 Author: Simon Dollé
1 151 238.865067 52.573212 -739.039124 0.416365 0 0.909198 0 -1 0 0.909198 0 -0.416364 32525.dat
1 71 147.945435 32.572643 -697.402649 0.416365 0 0.909198 0 -1 0 0.909198 0 -0.416365 32316.dat
1 0 129.761612 42.572426 -689.075378 0 -0.416365 0.909198 -1 0 0 0 -0.909198 -0.416365 2780.dat
1 0 112.353661 52.572296 -680.55365 0 -0.909198 -0.416365 -1 0 0 0 0.416365 -0.909198 32557.dat
1 0 89.437729 63.072193 -681.05835 -0.416364 0 0.909198 0 1 0 -0.909198 0 -0.416364 2780.dat
1 71 85.728592 42.572205 -690.358459 -0.909198 0.416365 0 0 0 1 0.416365 0.909198 0 32316.dat
1 0 81.110847 23.072144 -699.242065 -0.416364 0.000028 0.909198 0 1 -0.00003 -0.909198 -0.000013 -0.416364 2780.dat
1 72 58.763218 22.072115 -700.006836 0 0.416365 0.909198 1 0 0 0 0.909198 -0.416365 32526.dat
1 71 121.642456 23.072342 -706.804626 -0.909198 0 -0.416365 0 1 0 0.416365 0 -0.909198 3713.dat
1 1 117.478859 23.072384 -715.89679 0.416364 0 -0.909198 0 1 0 0.909198 0 0.416364 3749.dat
1 0 135.657669 63.072342 -724.22168 -0.416364 -0.009689 0.909146 0 0.999943 0.010657 -0.909198 0.004437 -0.416341 2780.dat
1 72 140.280624 62.572418 -715.340271 -0.909198 0.416365 0 0 0 1 0.416365 0.909198 0 32523.dat
1 0 135.662491 83.072372 -724.22406 -0.416364 0.000028 0.909198 0 1 -0.00003 -0.909198 -0.000013 -0.416364 2780.dat
1 71 95.130905 83.072075 -716.661499 0 0.416365 -0.909198 -1 0 0 0 0.909198 0.416365 32316.dat
1 0 81.110558 83.072136 -699.242188 -0.416364 0.000028 0.909198 0 1 -0.00003 -0.909198 -0.000013 -0.416364 2780.dat
1 71 121.642075 83.07235 -706.804749 -0.909198 0 -0.416365 0 1 0 0.416365 0 -0.909198 3713.dat
1 1 117.478409 83.072395 -715.89679 0.416365 0 -0.909198 0 1 0 0.909198 0 0.416365 3749.dat
1 0 135.741516 43.064777 -724.260071 -0.416364 0.157823 0.895395 0 0.984819 -0.173585 -0.909198 -0.072275 -0.410044 2780.dat
1 0 89.437943 43.072189 -681.058167 -0.416364 0 0.909198 0 1 0 -0.909198 0 -0.416364 2780.dat
1 1 111.577538 52.57238 -680.747986 0 -0.416395 -0.909184 1 0 0 0 -0.909184 0.416396 6558.dat
1 151 221.198563 74.463676 -630.61731 -0.418136 0 0.908384 0 -1 0 0.908384 0 0.418136 41239.dat
1 0 166.12941 42.572578 -705.729919 0 -0.416365 0.909198 -1 0 0 0 -0.909198 -0.416364 2780.dat
1 0 184.313431 42.572655 -714.057251 0 -0.416365 0.909198 -1 0 0 0 -0.909198 -0.416364 2780.dat
0 NOFILE
0 FILE leverage_platform.ldr
0 untitled model
0 Name: leverage_platform.ldr
0 Author: Simon Dollé
1 1 630.002319 3.405483 -700.063354 1 0 0 0 1 0 0 0 1 6558.dat
1 1 630.002319 3.405483 -660.063293 1 0 0 0 1 0 0 0 1 6558.dat
1 71 610.002258 3.405485 -680.063293 0 -1 0 -1 0 0 0 0 -1 32316.dat
0 STEP
1 71 630.002258 3.405485 -680.063293 0 -1 0 -1 0 0 0 0 -1 32316.dat
1 71 650.002258 3.405485 -680.063293 0 -1 0 -1 0 0 0 0 -1 32316.dat
0 STEP
0 NOFILE
0 FILE 6-block.ldr
0 untitled model
0 Name: 6-block.ldr
0 Author: Simon Dollé
1 0 700 103.384254 -619.499939 1 0 0 0 0 -1 0 1 0 2780.dat
1 71 710.000061 93.384193 -639.999939 0 0 -1 -1 0 0 0 1 0 32291.dat
1 4 710.000244 93.384178 -640.5 0 0.000203 1 -1 0 0 0 -1 0.000203 32062.dat
1 71 710.000061 93.384216 -639.999939 0 -1 0 1 0 0 0 0 1 41678.dat
1 0 700.000122 83.384201 -619.499939 1 0 0 0 0 -1 0 1 0 2780.dat
1 0 700 103.384254 -659.499939 1 0 0 0 0 -1 0 1 0 2780.dat
0 NOFILE
0 FILE 6-pack-stand.ldr
0 untitled model
0 Name: 6-pack-stand.ldr
0 Author: Simon Dollé
1 0 780 103.384254 -539.499878 1 0 0 0 0 -1 0 1 0 2780.dat
1 71 790 83.384247 -529.999878 0 -1 0 0 0 -1 1 0 0 41678.dat
1 4 790.000122 83.884247 -529.999939 0 0.000203 1 0 1 -0.000203 -1 0 0 32062.dat
1 71 790 83.384277 -529.999878 0 0 -1 0 -1 0 -1 0 0 32291.dat
1 0 780.000183 63.384293 -519.499756 1 0 0 0 0 -1 0 1 0 2780.dat
1 0 780.000183 63.384293 -539.499878 1 0 0 0 0 -1 0 1 0 2780.dat
1 0 780 103.384254 -519.499695 1 0 0 0 0 -1 0 1 0 2780.dat
0 NOFILE
0 FILE touch-sensor-arm.ldr
0 untitled model
0 Name: touch-sensor-arm.ldr
0 Author: Simon Dollé
1 72 774.503723 41.629807 -759.991394 -0.0081 -0.000023 -0.999967 -0.999967 0 0.0081 0 1 -0.000023 6575.dat
1 4 791.497009 40.788082 -779.48468 0.999967 0.000118 -0.008093 -0.008093 0.017621 -0.999812 0.000024 0.999845 0.017622 32062.dat
1 4 791.502808 41.501057 -739.490967 0.999967 0.000118 -0.008093 -0.008093 0.017621 -0.999812 0.000024 0.999845 0.017622 32062.dat
0 STEP
1 151 789.50177 41.365063 -719.984741 0.008081 0.999967 -0.000133 0.999808 -0.008082 -0.017833 -0.017834 0.000011 -0.999841 32524.dat
0 STEP
1 71 804.50061 41.174026 -779.993164 -0.000127 0.008085 0.999967 -0.017622 0.999812 -0.008086 -0.999845 -0.017622 0.000015 32123a.dat
1 71 804.506104 41.886982 -739.99939 -0.000127 0.008085 0.999967 -0.017622 0.999812 -0.008086 -0.999845 -0.017622 0.000015 32123a.dat
0 STEP
0 NOFILE
0 FILE close-support.ldr
0 untitled model
0 Name: close-support.ldr
0 Author: Simon Dollé

0 NOFILE