0 nxt-printer
0 Author: LEGO Digital Designer 4.3
1 151 390.0023193359375 22.9053783416748046875 -720.02984619140625 0 0.0001246035099029541015625 -1 0.9999959468841552734375 0.0028600394725799560546875 0 0.0028600990772247314453125 -0.9999959468841552734375 -0.000124633312225341796875 53787.dat
1 47 623.093994140625 22.59983062744140625 -761.41632080078125 0 0.0001240670680999755859375 1.00000011920928955078125 -0.9999959468841552734375 0.0028593242168426513671875 0 -0.0028592646121978759765625 -0.9999959468841552734375 0.0001241266727447509765625 x933c01.dat
1 47 872.701171875 40.868358612060546875 -508.812530517578125 -1 0 0 0 -1 0 0 0 1 x933c01.dat
1 71 389.65313720703125 -23.0934734344482421875 -720.519287109375 0 -0.6981809139251708984375 0.71592152118682861328125 -0.99999606609344482421875 0.002045691013336181640625 0.001996517181396484375 -0.0028584301471710205078125 -0.715918600559234619140625 -0.698177993297576904296875 4519.dat
1 0 389.64422607421875 -17.0954990386962890625 -719.79510498046875 -0.698180377483367919921875 -0.715921878814697265625 0 0.0020460784435272216796875 -0.00199520587921142578125 0.999995887279510498046875 -0.71591889858245849609375 0.698177516460418701171875 0.002857744693756103515625 32270.dat
1 151 390.497222900390625 -37.423290252685546875 -680.2305908203125 -1 0 0 0 1 0 0 0 -1 32525.dat
1 0 390.510284423828125 -16.980083465576171875 -780.0023193359375 0.0002022683620452880859375 1 -1.3768672943115234375E-05 -2.00569629669189453125E-05 1.3768672943115234375E-05 1 0.999999940395355224609375 -0.00020229816436767578125 2.0086765289306640625E-05 32498.dat
1 4 390.00677490234375 -30.9796962738037109375 -799.50244140625 -2.7954578399658203125E-05 0.000203073024749755859375 1 1 -1.7344951629638671875E-05 2.79247760772705078125E-05 1.73151493072509765625E-05 1 -0.0002030432224273681640625 32062.dat
1 71 389.996551513671875 -9.4232921600341796875 -779.73065185546875 1.10566616058349609375E-05 0.0002026855945587158203125 -1 -1.00000011920928955078125 0 -1.09970569610595703125E-05 0 1.00000011920928955078125 0.0002028048038482666015625 44294.dat
1 71 390.009918212890625 23.019924163818359375 -779.5020751953125 -0.999999940395355224609375 0.000202586263185366988182067871094 0.000202709896257147192955017089844 0.000202709896257147192955017089844 0 0.999999940395355224609375 0.000202586263185366988182067871094 0.999999940395355224609375 0 3713.dat
1 71 390.009674072265625 38.01993560791015625 -779.50201416015625 0.999999940395355224609375 0.000202676077606156468391418457031 3.07910231640562415122985839844E-05 3.07910231640562415122985839844E-05 0 -1 -0.000202676077606156468391418457031 1 0 32123a.dat
1 71 390.00250244140625 -54.1692657470703125 -779.74786376953125 0.999999940395355224609375 0.000202676077606156468391418457031 3.07910231640562415122985839844E-05 3.07910231640562415122985839844E-05 0 -1 -0.000202676077606156468391418457031 1 0 32123a.dat
1 4 359.99395751953125 72.57627105712890625 -779.7196044921875 -1 -2.80644217127701267600059509277E-05 -2.79351061180932447314262390137E-05 -2.79407995549263432621955871582E-05 0.00020301342010498046875 1 -2.80587537417886778712272644043E-05 1 -0.000202834606170654296875 32062.dat
1 0 389.993927001953125 72.57623291015625 -780.22943115234375 -0.000202103459741920232772827148438 -1.27115499708452261984348297119E-05 1 1.52531456478754989802837371826E-05 0.999999940395355224609375 1.27146322483895346522331237793E-05 -1 1.52557131514186039566993713379E-05 -0.000202103270567022264003753662109 32014.dat
1 0 329.993988037109375 72.57315826416015625 -780.21881103515625 0.0001005828380584716796875 2.324581146240234375E-05 -1 -1 0.0002003014087677001953125 -0.0001005828380584716796875 0.0002002418041229248046875 1 2.324581146240234375E-05 32013.dat
1 71 389.99737548828125 -69.42327117919921875 -779.73052978515625 -0.999999940395355224609375 0.000202586321393027901649475097656 0.000202709954464808106422424316406 0.000202709954464808106422424316406 0 0.999999940395355224609375 0.000202586321393027901649475097656 0.999999940395355224609375 0 3713.dat
1 72 450.007049560546875 3.0196249485015869140625 -759.4913330078125 0.0001819133758544921875 0 -0.999999940395355224609375 0 -1 0 -0.999999940395355224609375 0 -0.0001819133758544921875 32140.dat
1 0 429.5072021484375 13.019683837890625 -759.99609375 0 -1.00000011920928955078125 0 -1.00000011920928955078125 0 0 0 0 -1 2780.dat
1 0 409.507171630859375 13.01967525482177734375 -759.99853515625 0 -1.00000011920928955078125 0 -1.00000011920928955078125 0 0 0 0 -1 2780.dat
1 0 329.493011474609375 62.57321929931640625 -780.220947265625 0 -1.00000011920928955078125 0 -1.00000011920928955078125 0 0 0 0 -1 2780.dat
1 151 238.8650665283203125 52.573211669921875 -739.03912353515625 0.4163646697998046875 0 0.909197866916656494140625 0 -1 0 0.909197866916656494140625 0 -0.4163644313812255859375 32525.dat
1 0 166.1294097900390625 42.57257843017578125 -705.72991943359375 0 -0.4163645207881927490234375 0.90919792652130126953125 -1.00000011920928955078125 0 0 0 -0.90919792652130126953125 -0.416364371776580810546875 2780.dat
1 71 147.9454345703125 32.572643280029296875 -697.40264892578125 0.4163646697998046875 0 0.909197747707366943359375 0 -1 0 0.909197747707366943359375 0 -0.416364610195159912109375 32316.dat
1 0 129.7616119384765625 42.57242584228515625 -689.07537841796875 0 -0.416364729404449462890625 0.90919768810272216796875 -1 0 0 0 -0.90919768810272216796875 -0.4163646996021270751953125 2780.dat
1 0 112.35366058349609375 52.572296142578125 -680.55364990234375 0 -0.90919780731201171875 -0.4163647592067718505859375 -1.00000011920928955078125 0 0 0 0.4163647592067718505859375 -0.90919768810272216796875 32557.dat
1 0 89.4377288818359375 63.072193145751953125 -681.058349609375 -0.416364490985870361328125 0 0.90919780731201171875 0 0.999999940395355224609375 0 -0.90919780731201171875 0 -0.416364490985870361328125 2780.dat
1 71 85.7285919189453125 42.57220458984375 -690.35845947265625 -0.909197628498077392578125 0.4163649082183837890625 0 0 0 1 0.4163648784160614013671875 0.909197628498077392578125 0 32316.dat
1 0 81.11084747314453125 23.0721435546875 -699.2420654296875 -0.416364490985870361328125 2.76602513622492551803588867188E-05 0.90919780731201171875 0 0.999999940395355224609375 -3.04227014567004516720771789551E-05 -0.90919780731201171875 -1.26669383462285622954368591309E-05 -0.416364490985870361328125 2780.dat
1 72 58.763217926025390625 22.0721149444580078125 -700.0068359375 0 0.4163646399974822998046875 0.90919780731201171875 1 0 0 0 0.909197747707366943359375 -0.416364610195159912109375 32526.dat
1 71 121.6424560546875 23.0723419189453125 -706.80462646484375 -0.909197509288787841796875 0 -0.4163651168346405029296875 0 1 0 0.4163651168346405029296875 0 -0.909197509288787841796875 3713.dat
1 1 117.47885894775390625 23.072383880615234375 -715.89678955078125 0.4163644015789031982421875 0 -0.90919780731201171875 0 1 0 0.90919780731201171875 0 0.4163644015789031982421875 3749.dat
1 0 135.6576690673828125 63.0723419189453125 -724.2216796875 -0.4163644015789031982421875 -0.00968900509178638458251953125 0.909146249294281005859375 0 0.999943256378173828125 0.010656653903424739837646484375 -0.909197866916656494140625 0.004437054507434368133544921875 -0.416340768337249755859375 2780.dat
1 72 140.2806243896484375 62.572418212890625 -715.34027099609375 -0.909197628498077392578125 0.4163649082183837890625 0 0 0 1 0.4163648784160614013671875 0.909197628498077392578125 0 32523.dat
1 0 135.6624908447265625 83.0723724365234375 -724.22406005859375 -0.416364490985870361328125 2.76941209449432790279388427734E-05 0.90919780731201171875 0 0.999999940395355224609375 -3.04599543596850708127021789551E-05 -0.90919780731201171875 -1.26824506878620013594627380371E-05 -0.416364490985870361328125 2780.dat
1 71 95.1309051513671875 83.07207489013671875 -716.6614990234375 0 0.4163646697998046875 -0.90919768810272216796875 -1 0 0 0 0.90919768810272216796875 0.4163646996021270751953125 32316.dat
1 0 81.11055755615234375 83.07213592529296875 -699.2421875 -0.416364490985870361328125 2.77042818197514861822128295898E-05 0.90919780731201171875 0 0.999999940395355224609375 -3.04711302305804565548896789551E-05 -0.90919780731201171875 -1.2687103662756271660327911377E-05 -0.416364490985870361328125 2780.dat
1 71 121.6420745849609375 83.07234954833984375 -706.80474853515625 -0.909197509288787841796875 0 -0.4163651168346405029296875 0 1 0 0.4163651168346405029296875 0 -0.909197509288787841796875 3713.dat
1 1 117.4784088134765625 83.07239532470703125 -715.89678955078125 0.4163645207881927490234375 0 -0.909197747707366943359375 0 1 0 0.909197747707366943359375 0 0.4163645207881927490234375 3749.dat
1 0 135.74151611328125 43.064777374267578125 -724.26007080078125 -0.416364490985870361328125 0.15782298147678375244140625 0.895395219326019287109375 0 0.98481905460357666015625 -0.1735849082469940185546875 -0.909197866916656494140625 -0.072274647653102874755859375 -0.4100436270236968994140625 2780.dat
1 0 89.4379425048828125 43.0721893310546875 -681.05816650390625 -0.416364490985870361328125 0 0.90919780731201171875 0 0.999999940395355224609375 0 -0.90919780731201171875 0 -0.416364490985870361328125 2780.dat
1 1 111.57753753662109375 52.57238006591796875 -680.74798583984375 0 -0.4163954555988311767578125 -0.909183561801910400390625 1 0 0 0 -0.909183561801910400390625 0.4163955152034759521484375 6558.dat
1 0 184.3134307861328125 42.57265472412109375 -714.0572509765625 0 -0.4163645207881927490234375 0.90919792652130126953125 -1.00000011920928955078125 0 0 0 -0.90919792652130126953125 -0.416364371776580810546875 2780.dat
1 0 389.497222900390625 -47.423290252685546875 -620.23065185546875 0 -1.00000011920928955078125 0 -1.00000011920928955078125 0 0 0 0 -1 2780.dat
1 151 469.9996337890625 -57.38042449951171875 -620.6533203125 0 0 1 0 -1 0 1 0 0 40490.dat
1 0 529.4996337890625 -47.3804473876953125 -620.15576171875 0 -1.00000011920928955078125 0 -1.00000011920928955078125 0 0 0 0 -1 2780.dat
1 71 529.374755859375 -17.2088565826416015625 -680.12689208984375 1 0 0 0 0.002860140986740589141845703125 0.999995887279510498046875 0 -0.999995887279510498046875 0.002860140986740589141845703125 48989.dat
1 151 530.4998779296875 -37.208782196044921875 -680.18414306640625 -1 0 0 0 0.9999959468841552734375 0.0028603156097233295440673828125 0 0.0028603156097233295440673828125 -0.999995887279510498046875 32524.dat
1 71 509.999755859375 -16.58385467529296875 -680.12493896484375 0 0 1.00000011920928955078125 -0.999996006488800048828125 0.002860486507415771484375 0 -0.00286042690277099609375 -0.999996006488800048828125 0 48989.dat
1 151 489.9993896484375 -17.9377288818359375 -600.1285400390625 0 -1 0 0.9999959468841552734375 0 -0.00286062504164874553680419921875 0.00286062504164874553680419921875 0 0.999995887279510498046875 32524.dat
1 0 479.9996337890625 -17.8233242034912109375 -640.1285400390625 -1 0 0 0 -0.999995887279510498046875 -0.00286333262920379638671875 0 -0.00286333262920379638671875 0.9999959468841552734375 2780.dat
1 151 469.9998779296875 -17.7089061737060546875 -680.12835693359375 0 0.99999606609344482421875 0.00286045856773853302001953125 0.99999606609344482421875 0 0.0028605763800442218780517578125 0.002860582433640956878662109375 0.0028604525141417980194091796875 -0.999991834163665771484375 40490.dat
1 0 479.9998779296875 -17.5372676849365234375 -740.12811279296875 -1 0 0 0 -0.999995887279510498046875 -0.00286203739233314990997314453125 0 -0.00286203739233314990997314453125 0.9999959468841552734375 2780.dat
1 151 489.99981689453125 -17.480030059814453125 -760.1279296875 0 -1 0 0.9999959468841552734375 0 -0.00286066136322915554046630859375 0.00286066136322915554046630859375 0 0.999995887279510498046875 32524.dat
1 0 480.0001220703125 -16.86693572998046875 -799.62628173828125 0.999999940395355224609375 0 0 0 -0.0026896405033767223358154296875 -0.999996364116668701171875 0 0.999996364116668701171875 -0.0026896405033767223358154296875 2780.dat
1 71 470.0001220703125 23.1356525421142578125 -800.51202392578125 0 -1.00000011920928955078125 0 -0.0028577148914337158203125 0 -0.99999606609344482421875 0.99999606609344482421875 0 -0.0028575956821441650390625 32316.dat
1 1 460.000091552734375 23.634227752685546875 -800.01080322265625 -1 0 0 0 0.999995708465576171875 0.002916413359344005584716796875 0 0.002916413359344005584716796875 -0.999995768070220947265625 43093.dat
1 0 449.5001220703125 23.1342449188232421875 -800.0120849609375 0 -0.0029163495637476444244384765625 0.999995768070220947265625 -0.0029164734296500682830810546875 -0.999991476535797119140625 -0.00291634374298155307769775390625 0.999995768070220947265625 -0.00291646760888397693634033203125 0 32039.dat
1 1 430.0001220703125 23.66338348388671875 -810.01080322265625 0 0 -1 -0.00291641266085207462310791015625 0.999995648860931396484375 0 0.999995708465576171875 0.00291641266085207462310791015625 0 43093.dat
1 151 549.99847412109375 24.0110263824462890625 -819.9991455078125 0.00265681743621826171875 0 -0.99999654293060302734375 -0.99999225139617919921875 -0.0029138624668121337890625 -0.002656757831573486328125 -0.0029138624668121337890625 0.999995768070220947265625 0 41239.dat
1 1 639.9993896484375 24.271205902099609375 -799.99713134765625 1 0 0 0 1 0 0 0 1 43093.dat
1 0 650.4993896484375 23.7712078094482421875 -799.99859619140625 0 0.00291634560562670230865478515625 -0.999995768070220947265625 0.00291646947152912616729736328125 -0.999991476535797119140625 -0.0029163397848606109619140625 -0.999995768070220947265625 -0.002916463650763034820556640625 0 32039.dat
1 1 669.9993896484375 24.30035400390625 -809.9970703125 0 0 -1 -0.00291640846990048885345458984375 0.999995648860931396484375 0 0.999995708465576171875 0.00291640846990048885345458984375 0 43093.dat
1 71 629.9993896484375 23.77268218994140625 -800.49847412109375 0 -1 0 -0.002974212169647216796875 0 -0.999995648860931396484375 0.999995648860931396484375 0 -0.002974092960357666015625 32316.dat
1 0 619.999755859375 -16.2273273468017578125 -800.61749267578125 1 0 0 0 0.00261266320012509822845458984375 0.999996602535247802734375 0 -0.999996602535247802734375 0.00261266320012509822845458984375 2780.dat
1 151 609.99969482421875 -16.097843170166015625 -760.1146240234375 0 1.00000011920928955078125 0 -0.999957501888275146484375 0 -0.009229637682437896728515625 -0.009229637682437896728515625 0 0.999957501888275146484375 32524.dat
1 71 569.374755859375 -17.208843231201171875 -680.12188720703125 1 0 0 0 0.002860021777451038360595703125 0.999995887279510498046875 0 -0.999995887279510498046875 0.002860021777451038360595703125 48989.dat
1 71 589.99969482421875 -16.583797454833984375 -680.1201171875 0 0 1 -0.9999959468841552734375 0.0028602778911590576171875 0 -0.002860248088836669921875 -0.9999959468841552734375 0 48989.dat
1 72 569.49969482421875 -37.26593017578125 -680.20770263671875 1 0 0 0 1 0 0 0 1 32523.dat
1 151 609.9993896484375 -16.472503662109375 -600.12506103515625 0 1 0 -0.999988079071044921875 0 0.0048918672837316989898681640625 0.0048918672837316989898681640625 0 0.999988019466400146484375 32524.dat
1 0 619.99957275390625 -16.5703105926513671875 -620.1221923828125 1 0 0 0 1 0 0 0 1 2780.dat
1 151 629.99969482421875 -16.550464630126953125 -680.12225341796875 0 -1.00000011920928955078125 -0.000330670329276472330093383789062 -1.00000011920928955078125 0 0.00033079390414059162139892578125 -0.000330793962348252534866333007812 0.0003306702710688114166259765625 -0.99999988079071044921875 40490.dat
1 0 619.99957275390625 -16.5636997222900390625 -640.1221923828125 1 0 0 0 1 0 0 0 1 2780.dat
1 0 619.99969482421875 -16.5372409820556640625 -720.1221923828125 1 0 0 0 1 0 0 0 1 2780.dat
1 0 619.99969482421875 -16.53063201904296875 -740.1221923828125 1 0 0 0 1 0 0 0 1 2780.dat
1 0 619.99969482421875 -16.765338897705078125 -560.62347412109375 1 0 0 0 0.014419727027416229248046875 0.99989604949951171875 0 -0.99989604949951171875 0.014419727027416229248046875 2780.dat
1 71 629.99969482421875 23.2286891937255859375 -560.5106201171875 0 -0.999999940395355224609375 0 -0.002822101116180419921875 0 -0.9999959468841552734375 0.9999959468841552734375 0 -0.0028221607208251953125 32316.dat
1 1 639.99969482421875 23.7273006439208984375 -560.00927734375 1 0 0 0 1 0 0 0 1 43093.dat
1 0 650.49969482421875 23.2272968292236328125 -560.01068115234375 0 0.00282518379390239715576171875 -0.999996185302734375 0.002825307659804821014404296875 -0.99999201297760009765625 -0.00282517843879759311676025390625 -0.999996185302734375 -0.00282530230470001697540283203125 0 32039.dat
1 1 669.999755859375 23.69916534423828125 -550.00927734375 0 0 1.00000011920928955078125 0.002819542773067951202392578125 0.999996125698089599609375 0 -0.999996125698089599609375 0.002819542773067951202392578125 0 43093.dat
1 0 619.99957275390625 63.7269134521484375 -559.91290283203125 -1 0 0 0 0.9995403289794921875 -0.03031799010932445526123046875 0 -0.03031799010932445526123046875 -0.9995403289794921875 2780.dat
1 151 609.9996337890625 64.28362274169921875 -599.886962890625 0 1 0 -0.999903202056884765625 0 -0.01391315273940563201904296875 -0.01391315273940563201904296875 0 0.999903142452239990234375 32524.dat
1 0 599.9996337890625 64.62567138671875 -660.3880615234375 1 0 0 0 0.014419727027416229248046875 0.99989604949951171875 0 -0.99989604949951171875 0.014419727027416229248046875 2780.dat
1 72 589.9996337890625 64.29082489013671875 -679.89166259765625 0 -1.00000011920928955078125 0 0.999962985515594482421875 0 -0.00861697085201740264892578125 0.00861697085201740264892578125 0 0.999962985515594482421875 32523.dat
1 0 599.9996337890625 64.9657440185546875 -700.38665771484375 1 0 0 0 0.0052145044319331645965576171875 0.9999864101409912109375 0 -0.9999864101409912109375 0.0052145044319331645965576171875 2780.dat
1 151 609.99957275390625 64.74784088134765625 -759.88836669921875 0 1 0 -0.999928951263427734375 0 0.0119212605059146881103515625 0.0119212605059146881103515625 0 0.999928891658782958984375 32524.dat
1 0 619.9993896484375 64.27100372314453125 -799.884033203125 -1 0 0 0 0.9999601840972900390625 -0.008932332508265972137451171875 0 -0.008932332508265972137451171875 -0.999960124492645263671875 2780.dat
1 0 579.99957275390625 64.78792572021484375 -679.38739013671875 -1 0 0 0 -0.005738735198974609375 0.9999835491180419921875 0 0.9999835491180419921875 0.00573885440826416015625 2780.dat
1 1 569.49969482421875 52.84807586669921875 -699.921630859375 0 -1 0 0.9999959468841552734375 0 -0.0028606844134628772735595703125 0.0028606844134628772735595703125 0 0.999995887279510498046875 43093.dat
1 0 569.9996337890625 64.7890472412109375 -679.2623291015625 0 0 1.00000011920928955078125 -0.99999606609344482421875 0.0028602778911590576171875 0 -0.00286018848419189453125 -0.99999606609344482421875 0 32184.dat
1 1 569.49957275390625 52.633594512939453125 -659.9219970703125 0 -1 0 0.9999959468841552734375 0 -0.0028606839478015899658203125 0.0028606839478015899658203125 0 0.999995887279510498046875 43093.dat
1 151 389.9971923828125 22.5765438079833984375 -640.03033447265625 0 -0.000124514102935791015625 -0.999999940395355224609375 -0.999995887279510498046875 -0.00286090373992919921875 0 -0.002860844135284423828125 0.99999582767486572265625 -0.00012457370758056640625 53787.dat
1 47 623.0784912109375 22.8820476531982421875 -598.5858154296875 0 -0.0001249015331268310546875 1 0.9999959468841552734375 -0.002860605716705322265625 0 0.002860605716705322265625 0.9999959468841552734375 0.000124990940093994140625 x933c01.dat
1 47 910.701171875 40.86837005615234375 -508.812530517578125 -1 0 0 0 -1 0 0 0 1 x933c01.dat
1 71 390.136383056640625 -21.42203521728515625 -640.63665771484375 0 0.2783408463001251220703125 0.960482418537139892578125 -0.9999959468841552734375 0.0027456581592559814453125 -0.0007957518100738525390625 -0.002858579158782958984375 -0.96047842502593994140625 0.2783397734165191650390625 4519.dat
1 0 389.516937255859375 -17.423000335693359375 -640.28375244140625 0.278340995311737060546875 -0.960482299327850341796875 0 0.00274574756622314453125 0.00079596042633056640625 0.9999959468841552734375 -0.96047842502593994140625 -0.278339862823486328125 0.0028587877750396728515625 32270.dat
1 71 549.374755859375 -17.20885467529296875 -680.12445068359375 1 0 0 0 0.002860140986740589141845703125 0.999995887279510498046875 0 -0.999995887279510498046875 0.002860140986740589141845703125 48989.dat
1 151 550.49993896484375 -37.208789825439453125 -680.181640625 -1 0 0 0 0.9999959468841552734375 0.00286027533002197742462158203125 0 0.00286027533002197742462158203125 -0.999995887279510498046875 32524.dat
1 0 549.4996337890625 -47.380428314208984375 -620.15325927734375 0 -1.00000011920928955078125 0 -1.00000011920928955078125 0 0 0 0 -1 2780.dat
1 1 529.49969482421875 52.848052978515625 -699.9266357421875 0 -1 0 0.9999959468841552734375 0 -0.00286053563468158245086669921875 0.00286053563468158245086669921875 0 0.999995887279510498046875 43093.dat
1 0 529.9996337890625 62.789005279541015625 -679.27313232421875 0 0 1 -0.9999959468841552734375 0.0028602182865142822265625 0 -0.002860128879547119140625 -0.999996006488800048828125 0 32184.dat
1 1 529.4996337890625 52.633571624755859375 -659.927001953125 0 -1 0 0.9999959468841552734375 0 -0.0028605349361896514892578125 0.0028605349361896514892578125 0 0.999995887279510498046875 43093.dat
1 0 519.99969482421875 62.789363861083984375 -679.39813232421875 -1 0 0 0 -0.002860248088836669921875 0.999995887279510498046875 0 0.999995887279510498046875 0.00286018848419189453125 2780.dat
1 72 509.99969482421875 62.290805816650390625 -679.89959716796875 0 -1 0 0.9999959468841552734375 0 -0.002860481850802898406982421875 0.002860481850802898406982421875 0 0.999995887279510498046875 32523.dat
1 0 499.99957275390625 62.740337371826171875 -660.3983154296875 -1 0 0 0 0.0135076045989990234375 -0.999908745288848876953125 0 -0.999908745288848876953125 -0.013507664203643798828125 2780.dat
1 151 489.9993896484375 62.061946868896484375 -599.89996337890625 0 -1 0 0.9999959468841552734375 0 -0.0028605745173990726470947265625 0.0028605745173990726470947265625 0 0.999995887279510498046875 32524.dat
1 0 479.999542236328125 62.176357269287109375 -639.89990234375 -1 0 0 0 -0.999995887279510498046875 -0.0028607859276235103607177734375 0 -0.0028607859276235103607177734375 0.9999959468841552734375 2780.dat
1 151 469.999847412109375 62.2907867431640625 -679.89971923828125 0 0.99999606609344482421875 0.00286053284071385860443115234375 0.99999606609344482421875 0 0.00286065042018890380859375 0.00286065670661628246307373046875 0.002860526554286479949951171875 -0.999991834163665771484375 40490.dat
1 0 479.999481201171875 62.119144439697265625 -619.89996337890625 -1 0 0 0 -0.999995887279510498046875 -0.0028607849963009357452392578125 0 -0.0028607849963009357452392578125 0.9999959468841552734375 2780.dat
1 0 479.999786376953125 62.46242523193359375 -739.89947509765625 -1 0 0 0 -0.999995887279510498046875 -0.0028592539019882678985595703125 0 -0.0028592539019882678985595703125 0.9999959468841552734375 2780.dat
1 151 489.999725341796875 62.51964569091796875 -759.89935302734375 0 -1 0 0.9999959468841552734375 0 -0.00286061340011656284332275390625 0.00286061340011656284332275390625 0 0.999995887279510498046875 32524.dat
1 0 480.000030517578125 63.132656097412109375 -799.397705078125 0.999999940395355224609375 0 0 0 -0.00285998987965285778045654296875 -0.999995887279510498046875 0 0.999995887279510498046875 -0.00285998987965285778045654296875 2780.dat
1 0 479.999725341796875 62.40521240234375 -719.8995361328125 -1 0 0 0 -0.999995887279510498046875 -0.0028622341342270374298095703125 0 -0.0028622341342270374298095703125 0.9999959468841552734375 2780.dat
1 0 499.999664306640625 62.849437713623046875 -700.39813232421875 -1 0 0 0 0.00286424160003662109375 -0.999995887279510498046875 0 -0.999995887279510498046875 -0.002864301204681396484375 2780.dat
1 0 479.99945068359375 62.446075439453125 -559.398681640625 0.999999940395355224609375 0 0 0 -0.0029133954085409641265869140625 -0.999995768070220947265625 0 0.999995768070220947265625 -0.0029133954085409641265869140625 2780.dat
1 71 469.99945068359375 22.44908905029296875 -560.5130615234375 0 -1.00000011920928955078125 0 -0.0028577148914337158203125 0 -0.99999606609344482421875 0.99999606609344482421875 0 -0.0028575956821441650390625 32316.dat
1 1 459.999420166015625 22.947528839111328125 -560.00225830078125 -1 0 0 0 0.99976348876953125 0.02174803428351879119873046875 0 0.02174803428351879119873046875 -0.99976348876953125 43093.dat
1 0 449.49945068359375 22.447666168212890625 -560.0130615234375 0 0 1 -0.02175059355795383453369140625 -0.999763429164886474609375 0 0.99976336956024169921875 -0.02175059355795383453369140625 0 32039.dat
1 1 429.999481201171875 22.7299404144287109375 -550.00469970703125 0 0 1 0.021753013134002685546875 0.999763429164886474609375 0 -0.999763429164886474609375 0.021753013134002685546875 0 43093.dat
1 151 549.9952392578125 23.133716583251953125 -539.9935302734375 0.005178749561309814453125 0 -0.99998652935028076171875 -0.99975001811981201171875 -0.02175295352935791015625 -0.0051775276660919189453125 -0.0217526853084564208984375 0.99976336956024169921875 -0.000112593173980712890625 41239.dat
1 1 469.998931884765625 22.5021648406982421875 -530.00482177734375 0 0 -1 -0.021743334829807281494140625 0.999763548374176025390625 0 0.99976360797882080078125 0.021743334829807281494140625 0 43093.dat
1 72 469.998931884765625 102.26557159423828125 -518.26983642578125 0 0 -1.00000011920928955078125 -0.99976432323455810546875 -0.0217174589633941650390625 0 -0.021717548370361328125 0.9997642040252685546875 0 32009.dat
1 0 479.999481201171875 -17.5536041259765625 -559.6273193359375 0.999999940395355224609375 0 0 0 -0.0029133954085409641265869140625 -0.999995768070220947265625 0 0.999995768070220947265625 -0.0029133954085409641265869140625 2780.dat
1 0 599.99725341796875 2.5838243961334228515625 -640.56390380859375 1 0 0 0 0.014419727027416229248046875 0.99989604949951171875 0 -0.99989604949951171875 0.014419727027416229248046875 2780.dat
1 71 610.00225830078125 3.4054853916168212890625 -680.06329345703125 0 -1 0 -1 0 0 0 0 -1 32316.dat
1 0 600.0023193359375 2.912687778472900390625 -720.56329345703125 1 0 0 0 0.014419727027416229248046875 0.99989604949951171875 0 -0.99989604949951171875 0.014419727027416229248046875 2780.dat
1 1 630.0023193359375 3.4054834842681884765625 -700.0633544921875 1 0 0 0 1 0 0 0 1 6558.dat
1 71 630.00225830078125 3.4054853916168212890625 -680.06329345703125 0 -1 0 -1 0 0 0 0 -1 32316.dat
1 1 630.0023193359375 3.4054834842681884765625 -660.06329345703125 1 0 0 0 1 0 0 0 1 6558.dat
1 71 650.00225830078125 3.4054853916168212890625 -680.06329345703125 0 -1 0 -1 0 0 0 0 -1 32316.dat
1 0 429.49212646484375 12.4619903564453125 -599.9969482421875 0 -1.00000011920928955078125 0 -1.00000011920928955078125 0 0 0 0 -1 2780.dat
1 72 449.99200439453125 2.462038516998291015625 -600.506591796875 0.000181392824742943048477172851562 0 -1 0 1 0 1 0 0.000181392824742943048477172851562 32140.dat
1 4 359.99664306640625 94.46671295166015625 -579.48541259765625 -1 -2.80856002063956111669540405273E-05 -2.7956279154750518500804901123E-05 -2.79619780485518276691436767578E-05 0.00020301342010498046875 1 -2.80799267784459516406059265137E-05 1 -0.000202834606170654296875 32062.dat
1 0 329.996612548828125 94.463592529296875 -579.98468017578125 0.0001007020473480224609375 2.3365020751953125E-05 -1 -1 0.000200450420379638671875 -0.00010073184967041015625 0.000200450420379638671875 1 2.33948230743408203125E-05 32013.dat
1 0 389.99615478515625 94.4617462158203125 -579.99517822265625 0.0002028048038482666015625 1 5.58197498321533203125E-05 0 -5.5849552154541015625E-05 1 1 -0.0002028048038482666015625 0 32014.dat
1 71 389.987060546875 14.38680267333984375 -579.49664306640625 1.10566616058349609375E-05 0.0002026855945587158203125 -1 -1.00000011920928955078125 0 -1.09970569610595703125E-05 0 1.00000011920928955078125 0.0002028048038482666015625 44294.dat
1 0 390.49554443359375 -17.5382328033447265625 -579.995849609375 0.0002022683620452880859375 1 -1.3768672943115234375E-05 -2.00569629669189453125E-05 1.3768672943115234375E-05 1 0.999999940395355224609375 -0.00020229816436767578125 2.0086765289306640625E-05 32498.dat
1 4 390.000213623046875 -31.5386600494384765625 -559.4959716796875 -2.7954578399658203125E-05 0.000203073024749755859375 1 1 -1.7344951629638671875E-05 2.79247760772705078125E-05 1.73151493072509765625E-05 1 -0.0002030432224273681640625 32062.dat
1 71 389.9952392578125 22.4617519378662109375 -579.49566650390625 -0.999999940395355224609375 0.000202622628421522676944732666016 0.000202746261493302881717681884766 0.000202746261493302881717681884766 0 0.999999940395355224609375 0.000202622628421522676944732666016 0.999999940395355224609375 0 3713.dat
1 71 389.9949951171875 37.461750030517578125 -579.49554443359375 0.999999940395355224609375 0.000202711846213787794113159179688 3.08309099636971950531005859375E-05 3.08309099636971950531005859375E-05 0 -1 -0.000202711846213787794113159179688 1 0 32123a.dat
1 71 389.994873046875 52.46175384521484375 -579.495361328125 -0.999999940395355224609375 0.000202622599317692220211029052734 0.000202746232389472424983978271484 0.000202746232389472424983978271484 0 0.999999940395355224609375 0.000202622599317692220211029052734 0.999999940395355224609375 0 3713.dat
1 71 389.987884521484375 -52.6132049560546875 -579.49658203125 0.999999940395355224609375 0.000202711846213787794113159179688 3.08309099636971950531005859375E-05 3.08309099636971950531005859375E-05 0 -1 -0.000202711846213787794113159179688 1 0 32123a.dat
1 0 329.49560546875 84.4636688232421875 -579.98681640625 0 -1.00000011920928955078125 0 -1.00000011920928955078125 0 0 0 0 -1 2780.dat
1 0 409.492156982421875 12.46197795867919921875 -599.99945068359375 0 -1.00000011920928955078125 0 -1.00000011920928955078125 0 0 0 0 -1 2780.dat
1 72 470.00006103515625 103.8843841552734375 -840.0001220703125 0 0 -1 -1 0 0 0 1 0 32009.dat
1 1 470.000030517578125 23.826930999755859375 -829.9989013671875 0 0 1 0.002871432341635227203369140625 0.999995887279510498046875 0 -0.999995887279510498046875 0.002871432341635227203369140625 0 43093.dat
1 0 510.0001220703125 103.884521484375 -830.0001220703125 0 0 1 0 1 0 -1 0 0 2780.dat
1 151 630.00006103515625 103.884246826171875 -820.00006103515625 0 0 1 -1 0 0 0 -1 0 41239.dat
1 71 670 102.8842315673828125 -799.9998779296875 0 0 -1 1 0 0 0 -1 0 55615.dat
1 71 750.00006103515625 102.8842315673828125 -800 0 0 -1 1 0 0 0 -1 0 55615.dat
1 151 770 103.884246826171875 -660 0 1 0 -1 0 0 0 0 0.999999940395355224609375 32278.dat
1 71 749.99993896484375 102.8842315673828125 -560.000244140625 0 1.00000011920928955078125 0 1.00000011920928955078125 0 0 0 0 -1 55615.dat
1 151 630 103.884246826171875 -540.00018310546875 0 0 1 -1 0 0 0 -1 0 41239.dat
1 71 670 102.8842315673828125 -560.000244140625 0 1.00000011920928955078125 0 1.00000011920928955078125 0 0 0 0 -1 55615.dat
1 151 690 103.884246826171875 -680.00018310546875 0 1 0 -1 0 0 0 0 0.999999940395355224609375 41239.dat
1 0 680 103.384246826171875 -639.500244140625 0.999999940395355224609375 0 0 0 0 -1 0 1 0 2780.dat
1 72 670 23.3842620849609375 -680.50042724609375 0 1 0 0 0 1 1 0 0 32526.dat
1 71 690 43.884258270263671875 -680.0003662109375 -1 0 0 0 1 0 0 0 -1 60485.dat
1 0 608.00006103515625 33.3842620849609375 -679.5003662109375 0 -1.0000002384185791015625 0 0 0 1.0000002384185791015625 -1.0000002384185791015625 0 0 43857.dat
1 0 680 103.38425445556640625 -679.50018310546875 0.999999940395355224609375 0 0 0 0 -1 0 1 0 2780.dat
1 0 530 103.884521484375 -830.00018310546875 0 0 1 0 1 0 -1 0 0 2780.dat
1 0 780 103.38425445556640625 -539.4998779296875 0.999999940395355224609375 0 0 0 0 -1 0 1 0 2780.dat
1 71 790 83.384246826171875 -529.9998779296875 0 -1 0 0 0 -1 1 0 0 41678.dat
1 4 790.0001220703125 83.884246826171875 -529.99993896484375 0 0.000202569324756041169166564941406 1 0 1 -0.000202569324756041169166564941406 -1 0 0 32062.dat
1 71 790 83.38427734375 -529.9998779296875 0 0 -1.00000011920928955078125 0 -1 0 -1.00000011920928955078125 0 0 32291.dat
1 0 780.00018310546875 63.3842926025390625 -519.499755859375 0.999999940395355224609375 0 0 0 0 -1 0 1 0 2780.dat
1 0 780.00018310546875 63.3842926025390625 -539.4998779296875 0.999999940395355224609375 0 0 0 0 -1 0 1 0 2780.dat
1 0 780 103.38425445556640625 -519.49969482421875 0.999999940395355224609375 0 0 0 0 -1 0 1 0 2780.dat
1 0 700 103.38425445556640625 -619.49993896484375 0.999999940395355224609375 0 0 0 0 -1 0 1 0 2780.dat
1 71 710.00006103515625 93.38419342041015625 -639.99993896484375 0 0 -1.0000002384185791015625 -1.0000002384185791015625 0 0 0 1.0000002384185791015625 0 32291.dat
1 4 710.000244140625 93.38417816162109375 -640.5 0 0.000202715396881103515625 1 -1 0 0 0 -1 0.0002026855945587158203125 32062.dat
1 71 710.00006103515625 93.38421630859375 -639.99993896484375 0 -1 0 1 0 0 0 0 0.999999940395355224609375 41678.dat
1 0 700.0001220703125 83.3842010498046875 -619.49993896484375 0.999999940395355224609375 0 0 0 0 -1 0 1 0 2780.dat
1 72 690.0001220703125 3.3842465877532958984375 -640.50006103515625 0 1 0 0 0 1 1 0 0 32526.dat
1 0 700 103.38425445556640625 -659.49993896484375 0.999999940395355224609375 0 0 0 0 -1 0 1 0 2780.dat
1 1 710.00030517578125 103.87146759033203125 -699.97698974609375 1 -3.07443624478764832019805908203E-05 0 3.07449226966127753257751464844E-05 0.9988934993743896484375 -0.0470295250415802001953125 0 0.0470295250415802001953125 0.9988934993743896484375 6558.dat
1 71 710.00018310546875 103.87859344482421875 -720.000244140625 0 1 0 -1 0 -0.000282495951978489756584167480469 -0.000282495951978489756584167480469 0 0.999999940395355224609375 32316.dat
1 1 710.00006103515625 103.88408660888671875 -739.988525390625 1 0 0 0 0.9997208118438720703125 -0.02362833730876445770263671875 0 0.02362833730876445770263671875 0.9997208118438720703125 6558.dat
1 72 730.00018310546875 23.373004913330078125 -740.50042724609375 0 1 0 0 0 1 1 0 0 32526.dat
1 1 690.0040283203125 103.88457489013671875 -530.0003662109375 0 0.00807582028210163116455078125 -0.9999673366546630859375 1.79675407707691192626953125E-05 0.999967277050018310546875 0.00807582028210163116455078125 1 -1.79656781256198883056640625E-05 0 3749.dat
1 0 690.00006103515625 103.3853912353515625 -500.000274658203125 0.99996721744537353515625 0.008097118698060512542724609375 0 -0.008097118698060512542724609375 0.99996721744537353515625 2.67567866103490814566612243652E-05 0 -2.67792511294828727841377258301E-05 1 32013.dat
1 0 699.99969482421875 103.30443572998046875 -499.500335693359375 0.999967277050018310546875 0 -0.008082688786089420318603515625 -0.008082688786089420318603515625 0 -0.9999673366546630859375 0 1 0 2780.dat
1 72 709.83734130859375 83.22403717041015625 -499.500335693359375 0 0.999967098236083984375 -0.008104503154754638671875 0 -0.0081045627593994140625 -0.999967098236083984375 -0.999999940395355224609375 0 0 32523.dat
1 0 719.678955078125 63.643497467041015625 -500.000335693359375 -0.999967098236083984375 0.008111641742289066314697265625 0 0.008111641742289066314697265625 0.999967098236083984375 0 0 0 -1 2780.dat
1 151 749.5120849609375 42.901432037353515625 -680.00030517578125 0.9999675750732421875 -0.008089699782431125640869140625 0 -0.008089699782431125640869140625 -0.999967277050018310546875 0 0 0 -1 53787.dat
1 47 748.75311279296875 1.4917328357696533203125 -446.913848876953125 -0.999967277050018310546875 -0.008089843206107616424560546875 0 0.008089843206107616424560546875 -0.999967277050018310546875 2.9238570277811959385871887207E-05 0 2.92395270662382245063781738281E-05 1 x933c01.dat
1 47 948.701171875 40.868358612060546875 -508.812530517578125 -1 0 0 0 -1 0 0 0 1 x933c01.dat
1 0 779.5042724609375 41.80245208740234375 -699.98785400390625 0.999967396259307861328125 -0.00808866135776042938232421875 -0.000129302439745515584945678710938 -0.0080896802246570587158203125 -0.99980843067169189453125 -0.017822764813899993896484375 1.48846265801694244146347045898E-05 0.017823226749897003173828125 -0.999841153621673583984375 2780.dat
1 151 789.50177001953125 41.365062713623046875 -719.9847412109375 0.008081376552581787109375 0.99996745586395263671875 -0.000132851302623748779296875 0.99980843067169189453125 -0.008082211017608642578125 -0.01783327758312225341796875 -0.01783376745879650115966796875 1.1288560926914215087890625E-05 -0.9998409748077392578125 32524.dat
1 4 791.5028076171875 41.501056671142578125 -739.490966796875 0.99996745586395263671875 0.0001183417625725269317626953125 -0.008092604577541351318359375 -0.00809343345463275909423828125 0.0176213718950748443603515625 -0.999812066555023193359375 2.42819078266620635986328125E-05 0.999844849109649658203125 0.0176217518746852874755859375 32062.dat
1 71 804.506103515625 41.886981964111328125 -739.9993896484375 -0.00012715347111225128173828125 0.008085258305072784423828125 0.9999673366546630859375 -0.017621599137783050537109375 0.999812066555023193359375 -0.00808624364435672760009765625 -0.9998447895050048828125 -0.01762205176055431365966796875 1.53455912368372082710266113281E-05 32123a.dat
1 72 774.50372314453125 41.6298065185546875 -759.99139404296875 -0.00809967517852783203125 -2.30371952056884765625E-05 -0.999967157840728759765625 -0.99996721744537353515625 0 0.0080995857715606689453125 0 1 -2.3066997528076171875E-05 6575.dat
1 4 791.49700927734375 40.788082122802734375 -779.48468017578125 0.99996745586395263671875 0.000118342228233814239501953125 -0.008092603646218776702880859375 -0.008093432523310184478759765625 0.0176213718950748443603515625 -0.999812066555023193359375 2.4281442165374755859375E-05 0.999844849109649658203125 0.0176217518746852874755859375 32062.dat
1 71 804.5006103515625 41.1740264892578125 -779.9931640625 -0.000127272593090310692787170410156 0.008085253648459911346435546875 0.9999673366546630859375 -0.017621614038944244384765625 0.999812066555023193359375 -0.008086241781711578369140625 -0.9998447895050048828125 -0.01762206666171550750732421875 1.52265274664387106895446777344E-05 32123a.dat
1 0 779.5101318359375 42.515377044677734375 -659.9942626953125 0.999967396259307861328125 -0.00808866135776042938232421875 -0.000129302439745515584945678710938 -0.0080896802246570587158203125 -0.99980843067169189453125 -0.017822764813899993896484375 1.48846338561270385980606079102E-05 0.017823226749897003173828125 -0.999841153621673583984375 2780.dat
1 1 789.6728515625 62.606220245361328125 -679.857421875 -0.999967277050018310546875 0.000508430413901805877685546875 0.008076809346675872802734375 0.008092780597507953643798828125 0.06482565402984619140625 0.99786388874053955078125 -1.62399373948574066162109375E-05 0.99789655208587646484375 -0.064827501773834228515625 6558.dat
1 72 809.5101318359375 42.419281005859375 -679.1402587890625 0 0.999967396259307861328125 -0.008082807064056396484375 0.000177919864654541015625 -0.0080827176570892333984375 -0.999967396259307861328125 -1 0 -0.000177800655364990234375 32523.dat
1 1 789.349365234375 22.614200592041015625 -679.14495849609375 -0.9999673366546630859375 0.000530659221112728118896484375 0.008068300783634185791015625 0.00808572955429553985595703125 0.06480944156646728515625 0.9978649616241455078125 0 0.997897624969482421875 -0.064811408519744873046875 6558.dat
1 0 739.1888427734375 2.9836828708648681640625 -639.50030517578125 0.999967277050018310546875 0 -0.0080901198089122772216796875 -0.0080901198089122772216796875 0 -0.999967277050018310546875 0 1 0 2780.dat
